# WHU 数据集标注筛选结果
# 格式: 文件ID,标签1,标签2,...
00100,2
00101,1,2,3
00102
00103,1
00104
00105,1,3
00106,1
00107
00108
00109,1
00110,1,2,3
00111
00112,1
00113
00114
00115,1
00116,1
00117
00118
00119,1,3
00120
00121
00122
00123
00124
00125,1
00126
00127,2
00128
00129
00130
00131,2
00132
00133
00134,1
00135,1
00136,1
00137,1
00138,1
00139
00140
00141,1,2
00142
00143,1
00144,2,3
00145,1
00146
00147,3
00148,1
00149,1
00150,1,3
00151,1
00152,1
00153,1
00154,3
00155,1
00156,1,2
00157,1
00158,1
00159,1
00160
00161,1
00162,1,3
00163
00164
00165,1,3
00166
00167,1
00168,1
00169,1,3
00170,1,2,3
00171
00172,1,3
00173,1
00174,1
00175,1
00176
00177
00178,1
00179,1
00180
00181,1,3
00182,3
00183,1
00184
00185,1
00186,1,3
00187
00188,1
00189,1
00190,1
00191,1
00192,3
00193
00194
00195,1
00196,1,3
00197,1,3
00198,1,2
00199,1
00200,1
00201
00202,1,2,3
00203
00204,2
00205,1,3
00206
00207,1,2,3
00208,3
00209,1,2,3
00210,1
00211,1
00212
00213
00214
00215
00216
00217
00218,1,2,3
00219,1
00220,1
00221
00222
00223,1
00224
00225,1,3
00226,1
00227,1
00228
00229,2
00230,2
00231
00232,1
00233,2
00234,1
00235,1
00236,3
00237,3
00238
00239,1
00240,3
00241,1
00242
00243,1
00244,1
00245,1
00246,1
00247,1
00248,1
00249,1
00250,3
00251,1
00252,2
00253,1,2
00254
00255
00256,1
00257,1
00258
00259,1
00260,1
00261
00262
00263,1
00264,1
00265,1,3
00266,1
00267,1
00268,1
00269,1
00270,1
00271,1
00272,3
00273,1
00274
00275,1,3
00276,3
00277,1,3
00278
00279,1
00280,1
00281,1
00282,1
00283,1
00284
00285,1
00286,2
00287,1,3
00288
00289
00290
00291
00292
00293,3
00294
00295,1,2
00296,3
00297,1
00298
00299,1,3
00300,3
00301,1
00302,1,3
00303,3
00304,1
00305
00306,1
00307,1
00308,1,2
00309
00310
00311,1
00312,1
00313,1
00314
00315
00316,1,3
00317,1
00318,3
00319
00320,1
00321,1,2,3
00322,1
00323
00324,1
00325
00326
00327,2
00328
00329
00330,1
00331,1
00332,1,3
00333,1
00334
00335,1,2,3
00336,1
00337
00338,2
00340
00341,1,3
00342,1,2
00343,1,2,3
00344
00345,1
00346
00347
00348,2
00349,1,2
00350
21200
21201,2
21202,1,2
21203,3
21204
21205,1
21206,3
21207
21208,1
21209
21210
21211
21212,1
21213,1,2
21214
21215,1
21216,1
21217,1,3
21218,1
21219,1
21220
21221
21222,1
21223,1
21224,1
21225,1
21226,1,3
21227
21228
21229
21230,1
21231,1
21232
21233,1
21234
21235,1
21236,1,2,3
21237
21238
21239,1
21240,1
21241,3
21242,1
21243,1
21244
21245,1
21246,1
21247,1
21248
21249,1,3
21250
21251,1
21252,2
21253,1
21254,1
21255,3
21256,2,3
21257
21258,1
21260
21261,1
21262,1
21263
21264
21265,1
21266,1,3
21267,1
21268,1,3
21269,1
21270
21271,1
21272,1
21273,1
21274
21275,2
21276,1
21277,1
21278,1
21279,1
21280,1
21281,1
21282,1
21283
21284,1
21285,1
21286,1
21287,1,2
21288
21289,1
21290,1
21291,1
21292,1
21293,1,3
21294
21295
21296
21297,1,2
21298,1
21299,1,3
21300,1
21301
21302
21303
21304,1
21305
21306
21307,1
21308
21309
21310,1
21311,1
21312,1
21313,1,2
21314,1
21315,1
21316
21317
21318,1
21319,1
21320,1
21321,1
21322,1
21323,1,3
21324,1
21325
21326,2
21327,1,3
21328
21329,1
21330
21331,1
21332
21333,1
21334,1
21335
21336
21337,1
21338
21339,1
21340,1
21341
21342
21343
21344
21345
21346
21347,1,3
21348,1
21349
21350
21351,1
21352
21353
21354
21355,1
21356
21357
21358,1
21359
21360
21361
21362,3
21363,1,2
21364,3
21365,1
21366,1
21367,1
21368,1
21369
21370
21371
21372,1
21373
21374,1
21375,1
21376,1
21377
21378
21379,3
21380,1
21381
21382,1
21383,1
21384,1
21385,1
21386,1
21387
21388,1
21389
21390,1
21391,1,3
21392
21393,1
21394,1
21395
21396,1,3
21397
21398
21399,1
21400,1
21401
21402,3
21403
21404
21405,3
21406,1
21407,1
21408,2
21409
21410
21411
21412,1
21413
21414
21415
21416
21417,1
21418,1
21419
21420
21421
21422,3
21423
21424,1
21425,1
21426,1
21427
21428,1,3
21429
21430,1
21431
21432,1
21433,1
21434
21435
21436
21437,3
21438,1
21439,1,3
21440,1
21441,1
21442
21443,1
21444
21445
21446
21447,1
21448,1
21449
21450
